              Iris Setosa Iris Versicolor Iris Virginica        Total
N                      50              50             50          150
MEAN                 3.43            2.77           2.97         3.06
MIN                   2.3               2            2.2            2
MEDIAN                3.4             2.8              3            3
MAX                   4.4             3.4            3.8          4.4
STD                  0.38            0.31           0.32         0.43
<3             2 ( 0.0 )      34 ( 0.2 )     21 ( 0.1 )   57 ( 0.4 ) 
>=3 AND <3.5  26 ( 0.2 )      16 ( 0.1 )     26 ( 0.2 )   68 ( 0.5 ) 
>=3.5 AND <4  18 ( 0.1 )       0 ( 0.0 )      3 ( 0.0 )   21 ( 0.1 ) 
